0.0 0.104 1.0
Linear 7 explicit
 0.000000 0.0 0.0 0.0 1.0 0.0 0.0 0.0
 0.001000 -0.0032987861584141695 -0.013346977633920865 -0.01062687061154361 -0.14272247074540187 0.6362094393841308 -0.758200399355512 0.002338968833483363
 0.002000 -0.009702621489176335 -0.03858086740541232 -0.03161180486869897 -0.06506807653086846 0.6414283929229834 -0.764418577854314 0.0068221731540774
 0.003000 -0.01700032048974858 -0.07430703635280929 -0.0626584792429922 0.06773887197619358 -0.6413087092908393 0.7642869779154363 0.0026463957321469648
 0.004000 -0.029424110921245684 -0.11923322285482528 -0.1035624314301843 0.31855035089610534 0.6092892121862951 -0.7261489722208331 0.006431305207065924
 0.005000 -0.04440976342421824 -0.17214138030545112 -0.154025484277758 0.31852845236211424 0.609271523185362 -0.7261734201078864 0.017538515105162078
 0.006000 -0.06180435508565537 -0.2318876469791325 -0.2137815519393098 0.3619545017018294 0.5991341036217147 -0.7141619316199828 0.03093592692425758
 0.007000 -0.08146426282288906 -0.2974138027663558 -0.28256404843560434 0.4113938506382225 0.585756438679007 -0.6983154689702517 0.046777575389958366
 0.008000 -0.10325999110141745 -0.367757911566859 -0.36010327542468257 0.46036400150663076 0.5704437082985423 -0.6801903864208979 0.06525345228751146
 0.009000 -0.12708180016241055 -0.4420543454711869 -0.4461245116264452 0.5065532254156567 0.5539642747994687 -0.6607022113379775 0.0865667363462732
 0.010000 -0.15283790878713507 -0.5195064529000232 -0.5403523844829363 0.5490706879347946 0.5368860378920765 -0.6405269408599136 0.11092463142009185
 0.011000 -0.1804359829026798 -0.5993246586424514 -0.642527538274724 0.5878538785588506 0.5195534849220271 -0.6200741840850116 0.13854049742225746
 0.012000 -0.20974824981621243 -0.6806461891000857 -0.7524349798238957 0.6233936345210327 0.5020478621876338 -0.5994400057649506 0.16964889660651952
 0.013000 -0.2406556758254732 -0.762712176595006 -0.8698525109599384 0.6558461825405736 0.4845598031523058 -0.578850224165073 0.2044679337577891
 0.014000 -0.2730104576333869 -0.8448178272022029 -0.9945740457462854 0.6854395316643256 0.4672207687027093 -0.5584598479072952 0.24319320651109178
 0.015000 -0.3066178425971958 -0.9262639754372266 -1.1264314693559827 0.7125191874110102 0.4500570108479968 -0.5382983323007046 0.28601430132720324
 0.016000 -0.34126568102389687 -1.00641904763142 -1.2652729569020011 0.7373478291083685 0.43310141488824794 -0.5184026845329546 0.33310546584512035
 0.017000 -0.37675958698817735 -1.0847747496226616 -1.4109355445994736 0.7600604427668066 0.4164457621409775 -0.4988797956782236 0.38460854631208347
 0.018000 -0.4129477224452622 -1.1609734770759763 -1.5632233376764395 0.7807073377682521 0.40023712901726843 -0.4799023789384908 0.44061534926534185
 0.019000 -0.4496729059035996 -1.2347631466658884 -1.7218626668035437 0.7993591201911722 0.3846098362977152 -0.4616278488027338 0.5011305808550515
 0.020000 -0.48673554428924887 -1.3059446639024053 -1.8864885717428033 0.816148234556566 0.3696424168792744 -0.4441469834118534 0.5660649703149305
 0.021000 -0.5240331769416611 -1.3743500549133032 -2.05668175762447 0.8311780097757173 0.35542746056260066 -0.42756804878673804 0.635322416298381
 0.022000 -0.561522523072076 -1.4399019317933026 -2.2319853193611343 0.8445517341989301 0.3420486277567113 -0.4119892043626028 0.7087567625937925
 0.023000 -0.5991562512639801 -1.502527167961338 -2.411952381249552 0.8564204689643001 0.32952814686158316 -0.3974357567770407 0.7862062217055412
 0.024000 -0.6366785871801592 -1.5620205177763078 -2.5960190176468245 0.8670255937863461 0.3177657181948204 -0.38378583618935674 0.8674131062157121
 0.025000 -0.6738766045830842 -1.6182116622522387 -2.7836615824983286 0.8765574618603833 0.3066783734112176 -0.3709385277087462 0.9521408192259564
 0.026000 -0.7105447286326972 -1.670946420543593 -2.974376644127431 0.8851761623428812 0.2961874985416758 -0.35879817074164994 1.0401576394511876
 0.027000 -0.7464888273692534 -1.7200929536204068 -3.1676847241379202 0.8930140448723264 0.28622254937497865 -0.3472788042625906 1.1312378611234861
 0.028000 -0.7814722559819005 -1.765585099323098 -3.3631724630355304 0.9001945151190026 0.27670266326790666 -0.3362818328279292 1.2251463886819398
 0.029000 -0.8153115103010644 -1.807406847681426 -3.5604801748230614 0.9068078387939679 0.26757121609940177 -0.3257379127717566 1.3216733545793637
 0.030000 -0.8479337776739887 -1.8456149510217634 -3.759326268286067 0.912909052206497 0.2588066281842702 -0.3156203282542559 1.4206527607915884
 0.031000 -0.8792738126092786 -1.8802682170356846 -3.9594422654338426 0.91854792210195 0.2503869796109473 -0.3059020680601831 1.5219235857266793
 0.032000 -0.9092732659494484 -1.9114268239999017 -4.160572581870358 0.9237691440612034 0.24229065627952162 -0.2965565820548762 1.6253301670621225
 0.033000 -0.9377517015043666 -1.939090441827184 -4.362371155507558 0.9286297703161507 0.23446981119882981 -0.28752505511512977 1.7306576935018831
 0.034000 -0.9644204643976533 -1.9632054762451032 -4.564409106740706 0.9331910321469301 0.22685980278684037 -0.27872769399552544 1.8376418325281814
 0.035000 -0.9890124693664006 -1.9837275029553145 -4.766276667937635 0.9374999904305018 0.2194083336308089 -0.27009952068850657 1.9460348512173204
 0.036000 -1.011282538118963 -2.0006220549612275 -4.96758407106914 0.9415926635629686 0.21207328045265644 -0.2615878048427394 2.0556050485245287
 0.037000 -1.0309189066128956 -2.0138469896394144 -5.167871705866378 0.945503909029407 0.2048073461001014 -0.2531329867748259 2.1660717743240743
 0.038000 -1.0475852895029272 -2.0233628858970203 -5.366650970989527 0.9492634040331636 0.19756507940191004 -0.24467739814761794 2.2771357130352086
 0.039000 -1.0609807982878272 -2.0291484740192494 -5.5634635114446676 0.9528917863855075 0.19031111206056256 -0.23617562123409028 2.388519981472314
 0.040000 -1.0708426949363834 -2.0312029760660044 -5.757883304286166 0.9564023991114683 0.18301883903673896 -0.22759296019752454 2.499969937288897
 0.041000 -1.0771039105788973 -2.029638954312483 -5.949537402406654 0.9597892672782667 0.17569816536845279 -0.21893998516398908 2.6112537373879237
 0.042000 -1.0796884159838251 -2.0245563730189575 -6.1380813114632655 0.9630501062303886 0.16835213934126697 -0.210219052582909 2.7221579403565928
 0.043000 -1.0785383640243573 -2.016060850498392 -6.323191214763928 0.9661827810447542 0.16098368847542194 -0.20143258340564663 2.832480958849227
 0.044000 -1.0736110717129876 -2.0042627573565523 -6.504562089352684 0.9691856478674848 0.15359477414969724 -0.19258199635892012 2.942030808726319
 0.045000 -1.0648771322987622 -1.989276602804958 -6.681906295921221 0.972057328514133 0.14618674744675345 -0.1836681380994165 3.0506246093139495
 0.046000 -1.0523197146584755 -1.9712211639508563 -6.8549529927758535 0.9747966135610965 0.13876047092878613 -0.17469142479652391 3.1580879709054197
 0.047000 -1.035935331156528 -1.950220233618611 -7.023448148579492 0.9774023190962957 0.13131661475832135 -0.16565220588207555 3.2642546796655916
 0.048000 -1.0157967609668295 -1.9263977529284142 -7.187091196970017 0.9798698874386781 0.12386602385873431 -0.15656376280717021 3.3689416075546026
 0.049000 -0.9919719272402859 -1.8998851725966974 -7.345615157271675 0.9821967846964812 0.1164154245674239 -0.14743447715741592 3.4719766484667836
 0.050000 -0.9645403379995118 -1.8708194098716528 -7.498768181941373 0.984381164487068 0.10897068530918451 -0.13827187981050473 3.5731919189110894
 0.051000 -0.9335913753513388 -1.8393417736167244 -7.64631176923848 0.9864217904279755 0.10153681591439978 -0.1290826339320376 3.672422889430373
 0.052000 -0.8991683462653324 -1.8056172622834175 -7.78788653829649 0.9883190702393072 0.09411361061948761 -0.11986677478548853 3.7694117314379407
 0.053000 -0.861230210198579 -1.7698061421013545 -7.923052127046154 0.9900758955208835 0.08668969831301146 -0.1106102043887443 3.8638424207001187
 0.054000 -0.8196733986160135 -1.7320187672498333 -8.051315342042768 0.9916960179352639 0.0792450359412873 -0.10128786842462804 3.9553864244214663
 0.055000 -0.7745119172463093 -1.6923314276091632 -8.172121247809327 0.9931789156019633 0.07177339361084224 -0.09189244568130407 4.043709413858324
 0.056000 -0.7257330102467501 -1.650834138908503 -8.28495793866539 0.9945244654351015 0.06426295521039709 -0.08240970961392831 4.12849297763918
 0.057000 -0.6733352163284124 -1.6076177602802624 -8.389326264590212 0.9957316077921445 0.056701529228074234 -0.07282514556709517 4.20942786427528
 0.058000 -0.617322640927164 -1.5627612529924975 -8.484693766954948 0.9967983462013551 0.04907623516046294 -0.06312353089552546 4.286192420869122
 0.059000 -0.5577036050868138 -1.5163355550019717 -8.570509426193468 0.9977217145745607 0.041373046141735245 -0.05328837883960036 4.358459799555834
 0.060000 -0.49447036671007993 -1.4683824442272442 -8.646237098059258 0.9984978801270749 0.03357411001692082 -0.043298527900028146 4.4259287571964325
 0.061000 -0.42763445674287115 -1.4189556192276676 -8.711352877566158 0.9991214277417308 0.02566199603132207 -0.033133586992866663 4.4883040750869245
 0.062000 -0.3571988522998551 -1.3681214648833435 -8.76535584385543 0.9995855152325708 0.017616403431628694 -0.022769718210163707 4.5453020621472175
 0.063000 -0.28317139453359935 -1.3159507879818473 -8.807760869540827 0.9998814715650592 0.009415603320301318 -0.012181512016419973 4.596652119170897
 0.064000 -0.2056151848677626 -1.2625431179485338 -8.838141464493331 0.9999985481701031 0.0010415540927720787 -0.0013486373707385306 4.642111475425702
 0.065000 -0.12461201861116594 -1.2080092317253612 -8.85610095162859 0.9999241657848139 -0.0075241431903174906 0.00974935632725324 4.68145513063107
 0.066000 -0.04016780507824066 -1.152461447114541 -8.861179796390296 0.9996433470074234 -0.016310281059565043 0.021146004718486423 4.714426271452072
 0.067000 0.04777885540575168 -1.0960123769899395 -8.852865495686142 0.9991373951169359 -0.02535548788621937 0.032887154224649336 4.740748457846473
 0.068000 0.1392851169625624 -1.038773930403641 -8.830668388128048 0.9983831332427341 -0.03470111193019562 0.045021684633396265 4.760175326879715
 0.069000 0.23440255919448424 -0.9808584359005315 -8.794125261974576 0.997352216952831 -0.04439142736078456 0.05760170584405601 4.772494386889955
 0.070000 0.33317548185026735 -0.9223799945669952 -8.742803644162649 0.9960103251208617 -0.054473780208929935 0.07068266776505217 4.777531269936465
 0.071000 0.4356331237417284 -0.8634535244140558 -8.676304039096285 0.994316334982847 -0.06499800171035694 0.08432251039870266 4.775153475054358
 0.072000 0.5418336277796407 -0.8042177773086436 -8.594282942045874 0.9922202438756325 -0.07602172484992002 0.0985884627845641 4.76527991314143
 0.073000 0.6518179977968622 -0.7448157306799794 -8.496440934514599 0.989662288728972 -0.08760569880481556 0.11355085118418466 4.747884496330235
 0.074000 0.7656074906083236 -0.6853953246257065 -8.382527952603688 0.9865713989290328 -0.0998137764496503 0.1292829642531086 4.723002116762433
 0.075000 0.8832010417847648 -0.6261097182108482 -8.252347605632446 0.9828634031972037 -0.1127127798026529 0.14586075525914993 4.690734511571497
 0.076000 1.0045741627304003 -0.5671170279158412 -8.105761370695424 0.9784389257099957 -0.1263723259856411 0.16336249226933394 4.651256772255289
 0.077000 1.129678372980924 -0.5085797349221107 -7.9426912713527695 0.9731809570890042 -0.1408644620340213 0.18186816130151906 4.604823558497397
 0.078000 1.258441175891543 -0.45066379663981 -7.7631216735349495 0.9669520877078299 -0.1562630150148155 0.20145850743006372 4.551775461253806
 0.079000 1.390767259316937 -0.39353750204285026 -7.567100385228117 0.9595913826206518 -0.1726426062255977 0.22221365600659854 4.492545834233674
 0.080000 1.5265377931233126 -0.3373701847102836 -7.354739118773139 0.9509127748320987 -0.19007368983826556 0.24420664833780645 4.427659644893149
 0.081000 1.6654962533850435 -0.28233747231616163 -7.126223362734488 0.9408168324572919 -0.2084250669932687 0.2672502183607708 4.357210506667721
 0.082000 1.8073711556360017 -0.22861356125286045 -6.881802966275015 0.9292132658715797 -0.22756879086144743 0.29116172817547925 4.281220128679339
 0.083000 1.9518817068726468 -0.1763686362670897 -6.6217913356894735 0.9160162531963916 -0.24738835662515737 0.3157740092001686 4.1996545058481685
 0.084000 2.0987089813746698 -0.1257384394596698 -6.346567262651428 0.9011518476660156 -0.2677664209441218 0.34092006579681045 4.112400314547451
 0.085000 2.2475318321595044 -0.07685218215853364 -6.056570624381552 0.8845429856569813 -0.28860408717378283 0.36645789306770393 4.019305919477316
 0.086000 2.397760784557707 -0.0300257326972314 -5.752381129424462 0.8662105417104383 -0.30970582976659955 0.3921244654931532 3.919652569398486
 0.087000 2.548979057112845 0.01467142386717759 -5.434698375804942 0.8461063387739054 -0.3309833641449847 0.4177966923587187 3.813135688258049
 0.088000 2.7007950518798567 0.05725293056666223 -5.104260188434367 0.8241574405650772 -0.352377106476142 0.44339022090335156 3.699498059333787
 0.089000 2.8530324812769936 0.09773369298536393 -4.761835882154776 0.799957652553534 -0.3741008190129407 0.4691655692129232 3.5798283329746705
 0.090000 3.0135217337763054 0.13643791442099298 -4.407842210739082 0.7615469189408793 -0.4049109657056028 0.5060567162907826 3.5073047389810443
 0.091000 3.1746147068421777 0.17316426567688956 -4.043464088313634 0.7177034690085436 -0.4359947175839167 0.542964397370604 3.4435407126590603
 0.092000 3.335938182897531 0.20792865194137133 -3.669584624308807 0.6682695583192665 -0.46682003097819624 0.5792191779467323 3.3903662580944554
 0.093000 3.4971163796672227 0.24074359556354644 -3.2871125839753677 0.6133079572243315 -0.4967721179331968 0.6140609191680281 3.3494990154514426
 0.094000 3.6577731744865276 0.2716187629666081 -2.89697897643721 0.553149815639305 -0.5251891094301161 0.6466851481163026 3.3224648366196763
 0.095000 3.817312352753181 0.3006064533361473 -2.5001094433794555 0.48844115416691525 -0.5514048773945173 0.6762971980583901 3.3103745273700365
 0.096000 3.708700990614868 0.13237020804144828 -2.316449552633864 0.45307340301512006 -0.5644769240325371 0.6899929664243426 3.14465740000651
 0.097000 3.5614394171896353 -0.06234049963203654 -2.1555775162974395 0.41699768457512865 -0.5767057292955595 0.7025122296847638 2.957615156994508
 0.098000 3.413501685925434 -0.25367389122379136 -1.9945909697248545 0.3759391691842494 -0.5891436670334456 0.7152478456223695 2.776589602046269
 0.099000 3.2649654852625116 -0.441784140537075 -1.8334700820982228 0.3290023168403176 -0.6015802923564497 0.7279138873259883 2.6024044672928177
 0.100000 3.1158747510502955 -0.6268009246335642 -1.6722084822819565 0.275170043599822 -0.6136537560554908 0.7400746683843868 2.436108837256752
 0.101000 2.966275531417695 -0.8088292696805829 -1.510809508659132 0.21334176035603705 -0.624807594466325 0.7510664172930326 2.279015429565057
 0.102000 2.8162058527920864 -0.9878850819562444 -1.3493062171733619 0.14244254479552465 -0.6342205424501193 0.7599173803555564 2.132740120300965
 0.103000 2.6657070713054787 -1.1639849754092904 -1.1877334597455838 0.06157278082642148 -0.6407461855604214 0.765279764759968 1.9992149072896928
 0.104000 2.514820514579778 -1.337138417660692 -1.0261290667606588 -0.02970770369103857 -0.642877190316169 0.7653929517003627 1.8806844022245714
