0.0 0.104 1.0
Linear 6 explicit
 0.000000 0.0 -47.9584 41.7642 0.0 0.0 0.0
 0.001000 -0.00369848612782667 -47.97150363913896 41.75385255474201 -3.698482731923136 -13.10363211470267 -10.347437302724266
 0.002000 -0.010877991736283472 -47.99665723950054 41.73295980201835 -7.179502713987867 -25.153576956639352 -20.89273323802494
 0.003000 -0.0165444263813289 -48.032837697587226 41.70139147771878 3.054680357825677 -36.127790359307454 -31.490505174666165
 0.004000 -0.03047693936135862 -48.07912648944375 41.65892275502574 -13.932595114121362 -46.28867376829815 -42.46866269625655
 0.005000 -0.047282030948802845 -48.13461297207789 41.60549849239734 -16.80528394844115 -55.486247181007336 -53.4242059003523
 0.006000 -0.06678979523308497 -48.1984478088439 41.54104587655803 -19.508118122358418 -63.83439399705394 -64.45259942191284
 0.007000 -0.08884150570316553 -48.269836390760375 41.46552751052323 -22.05228362251051 -71.38780537590415 -75.5184457617734
 0.008000 -0.11329511064702058 -48.34804452367818 41.37894951828431 -24.454457042523117 -78.20686021128786 -86.57824192022493
 0.009000 -0.14003160981405893 -48.43239758528735 41.281364272472004 -26.73768997751155 -84.35109777223431 -97.58575498640397
 0.010000 -0.16895303678875873 -48.522264752095616 41.17285257715551 -28.923016524415175 -89.86428557659097 -108.5125682166197
 0.011000 -0.1999615640571662 -48.61702619624504 41.05347334906936 -31.010577804361517 -94.75737866288748 -119.38058844293755
 0.012000 -0.2329201216017427 -48.71603338103452 40.923188261890196 -32.961135766807935 -99.00160099602289 -130.28709232418862
 0.013000 -0.2677022014467096 -48.81870107749287 40.78201097006854 -34.785247495801855 -102.66022831767934 -141.1801135918206
 0.014000 -0.30414929501825394 -48.924485152478056 40.62995180697195 -36.4509055879752 -105.77431589310609 -152.06299344160746
 0.015000 -0.3420502523641727 -49.0328605903203 40.466965108433364 -37.9054605663166 -108.36292000994916 -162.9917601295987
 0.016000 -0.38117452002930097 -49.14335211849226 40.29300677188409 -39.12949632741879 -110.47574297674258 -173.9648710826549
 0.017000 -0.42131170619106256 -49.25555842144546 40.10809801533692 -40.14316011690466 -112.1867385643725 -184.91700416620384
 0.018000 -0.46229943671655993 -49.36916061903061 39.91236935362307 -40.99445667623511 -113.57838135453628 -195.73883872923096
 0.019000 -0.5039687536214705 -49.48387431985619 39.70610922608597 -41.676780211739114 -114.68523636474956 -206.27241152793468
 0.020000 -0.5461018367866275 -49.599410243620454 39.48976295185347 -42.140952424993486 -115.50250704653865 -216.36079838382682
 0.021000 -0.5885908898183355 -49.7154758584021 39.26386906824156 -42.4966159682911 -116.02701731093877 -225.91073641329024
 0.022000 -0.6313937959804059 -49.83182101511482 39.02905947640821 -42.810905407796824 -116.30126295243417 -234.82880545704927
 0.023000 -0.6744636838741357 -49.948202561955455 38.78595286416732 -43.07829082826906 -116.33228730848602 -243.1281936441793
 0.024000 -0.7175149857956803 -50.06424286854253 38.53528809401075 -43.0600127452083 -115.98567462835044 -250.6887098602369
 0.025000 -0.7603094624116311 -50.17960402142688 38.277758676662 -42.80340566492336 -115.30117648796259 -257.555686053177
 0.026000 -0.8026156872648766 -50.29396729572314 38.01403508541424 -42.3152800972352 -114.29801766600937 -263.7521417524005
 0.027000 -0.8442136661933534 -50.407038786668956 37.744761884512535 -41.607068470675145 -113.00105250916047 -269.30396903521086
 0.028000 -0.8848326605871488 -50.518595285651635 37.470512731892754 -40.62800999855379 -111.48100589737669 -274.28206379668393
 0.029000 -0.9242609775889522 -50.628468934881454 37.19180269241441 -39.43716615695983 -109.7932483913756 -278.745006317863
 0.030000 -0.9624125946279474 -50.736572061777025 36.909061203984805 -38.16024432745441 -108.01797350120196 -282.7784125361899
 0.031000 -0.9992091622002959 -50.8428242065658 36.622699850083514 -36.804921972200205 -106.16240983075906 -286.40012981373496
 0.032000 -1.0345793061156003 -50.94715159815819 36.33311243776323 -35.3781788526578 -104.2332587911718 -289.6279292320059
 0.033000 -1.0683093197536646 -51.049403968214705 36.0408043663278 -33.73764143161196 -102.15409520007964 -292.35019515136315
 0.034000 -1.1000581489659749 -51.1493626017338 35.74638450793851 -31.755926147204917 -99.85654369383903 -294.4634306593464
 0.035000 -1.129507154705599 -51.24682338164134 35.45043848746484 -29.45545939963706 -97.3552123427637 -295.9908778954571
 0.036000 -1.1563606606726509 -51.34159766551472 35.15352770735895 -26.859216700686666 -94.66558231143259 -296.95675562601684
 0.037000 -1.1802426784474833 -51.43346359227239 34.85631759835224 -23.886868512629903 -91.75452932721251 -297.256998469595
 0.038000 -1.2007454822184802 -51.52218994857981 34.55952081612262 -20.506678292204473 -88.6127563174566 -296.84435866058743
 0.039000 -1.2174996234055686 -51.60757079163771 34.263814509445176 -16.756947336915534 -85.2655294362662 -295.75434267299113
 0.040000 -1.2301775256783278 -51.68942779627772 33.9698381546274 -12.67957365610783 -81.74045761101331 -294.02462428046164
 0.041000 -1.2386779072164606 -51.76767916202205 33.67820265856423 -8.50092628889844 -78.13412137701461 -291.6837456072518
 0.042000 -1.2428885524079962 -51.8422475717492 33.38947289498147 -4.209833541187535 -74.45096585281362 -288.7777608589049
 0.043000 -1.2427182015428624 -51.91306877027766 33.10418731633342 0.1731460812634289 -70.70403998061937 -285.33310245757184
 0.044000 -1.2380926516484767 -51.980090159560596 32.82286032141527 4.630340486699872 -66.90497691650943 -281.37383155729714
 0.045000 -1.22895318183375 -52.04326976575338 32.5459840334539 9.146248473193292 -63.064380577666206 -276.9222345756132
 0.046000 -1.2152559828606606 -52.10257603323482 32.274029142496005 13.70593988813378 -59.19264723822793 -271.99975624243655
 0.047000 -1.1969733127019746 -52.15798826712466 32.00744510358869 18.293328971009792 -55.300614228862 -266.6276437533395
 0.048000 -1.1741680883699293 -52.20946733378478 31.746754801716193 22.81770062389746 -51.36989021515343 -260.73245475580933
 0.049000 -1.1468987903092542 -52.25699351788936 31.49243537268613 27.283484167826536 -47.419847558353666 -254.35996112237711
 0.050000 -1.1152390137059596 -52.300557519077074 31.244945325492253 31.675548769528028 -43.460873660433194 -247.52880552915389
 0.051000 -1.0792756569533293 -52.340158968177334 31.00472665111532 35.9805770013271 -39.50187109765015 -240.2555221647208
 0.052000 -1.039041707580827 -52.37576445209555 30.772419228690488 40.252476560355504 -35.509928757341044 -232.3421732855208
 0.053000 -0.9944708456384141 -52.407305391307155 30.54878756018156 44.59057109155684 -31.44992210355369 -223.66411688851508
 0.054000 -0.9454235730484519 -52.43465978372921 30.334657526280537 49.06804600599354 -27.26838512451797 -214.15998625491403
 0.055000 -0.8919027024384557 -52.457658722008354 30.130937328446436 53.54250793916132 -22.918397855310268 -203.7474792910603
 0.056000 -0.8338813835453256 -52.47616061883814 29.938477599469 58.0436167278863 -18.427178132617932 -192.4842018864316
 0.057000 -0.7713488157134596 -52.490030207214666 29.758111776704126 62.55529964716224 -13.800962399743547 -180.38738279461555
 0.058000 -0.7043036970950811 -52.49911134819656 29.59072094483345 67.06803179195066 -9.018820292197084 -167.4093975468881
 0.059000 -0.6327529416476622 -52.50323548233288 29.437212626008304 71.57357356602236 -4.0682507881240255 -153.52383895150436
 0.060000 -0.5566875978811452 -52.50222107546061 29.298459181887125 76.08778386131894 1.0638546747176463 -138.7659130220867
 0.061000 -0.4761253791977616 -52.49589946879532 29.175320080329634 80.5839724928176 6.364722289798202 -123.14855203566708
 0.062000 -0.3910773505690476 -52.4841195904392 29.068625179498753 85.06877530212022 11.816883845263241 -106.70140522921929
 0.063000 -0.3015643206847063 -52.466739401386626 28.979181559386234 89.53243211465869 17.41142675635959 -89.44729274135604
 0.064000 -0.2076778392454147 -52.44365906976956 28.907717882880227 93.90418093960074 23.10626977017002 -71.4646859553819
 0.065000 -0.10953633131282581 -52.414797631032776 28.85492033860178 98.15713813260449 28.88266571711954 -52.79610562102958
 0.066000 -0.007171062431113623 -52.380049047274554 28.82157105970972 102.37845221730434 34.76579448899893 -33.34562844642975
 0.067000 0.09946338824085776 -52.33928517335619 28.80853190305965 106.64478780778768 40.77789950366957 -13.033562066395607
 0.068000 0.210402622552346 -52.29238542255931 28.81662611641194 110.94630759320944 46.91158375397808 8.101428504146568
 0.069000 0.3256706834867008 -52.23923873467699 28.846632587403185 115.27143656759756 53.15747950038419 30.014926521334313
 0.070000 0.44527782634442137 -52.17974598087331 28.899279154351674 119.60648093900244 59.503809922618466 52.6558275433401
 0.071000 0.5692107288631384 -52.11382004026689 28.975238043720992 123.92836971146167 65.93871773108184 75.96847178333401
 0.072000 0.6974868191106183 -52.04141004809754 29.07510028213553 128.26728952122528 72.42608377298595 99.87160363586094
 0.073000 0.8300979666972694 -51.962483500668164 29.1993845194505 132.59767594954616 78.94766404793658 124.29279249758872
 0.074000 0.9670074971740128 -51.877028745610744 29.348528723943865 136.8909847983126 85.4827041450496 149.15130545261727
 0.075000 1.1081473533088324 -51.7850568122219 29.522883215490417 141.1158398199184 92.0085954679537 174.35944627075204
 0.076000 1.253417168671295 -51.686602891697795 29.72270376312928 145.23994572140526 98.50122198430165 199.82262132827466
 0.077000 1.402684097982939 -51.58172703480555 29.948147000695585 149.23084502105488 104.93574044463875 225.44165877767048
 0.078000 1.5557834162447273 -51.47051434684614 30.199267208445495 153.05668683045567 111.2870813930495 251.11417564113555
 0.079000 1.7125207040986308 -51.3530747791766 30.476014201004006 156.68781261598292 117.53035178657342 276.7356853728461
 0.080000 1.8726654544775692 -51.229542742575845 30.77823218143478 160.08819123486364 123.64100345615478 302.2005569294026
 0.081000 2.035447382486617 -51.100092541675345 31.105640809349712 162.71902427763266 129.57847170200583 327.383776984379
 0.082000 2.2001021460039043 -50.964923642369854 31.45785188248374 164.58654612563302 135.3174829400421 352.17751981511634
 0.083000 2.365896189445319 -50.824258333377664 31.834370633981138 165.7098314689032 140.83467647925227 376.4748231731989
 0.084000 2.5320777219302486 -50.67832289176893 32.234580062523456 166.09468181617248 146.12676542534876 400.15452250444025
 0.085000 2.6979501675020394 -50.527363388075 32.65776231039707 165.7849977967016 151.17346360414257 423.11548772168214
 0.086000 2.862367287146612 -50.371810821277165 33.10306053700088 164.3321922043251 155.78964255366304 445.21866849168185
 0.087000 3.0246154525005817 -50.211977688760165 33.56932732842709 162.16838861690235 160.0935011951179 466.17409646299916
 0.088000 3.1840909099506463 -50.048136055536204 34.055322953689256 159.4034019084083 164.12524847372669 485.88975954422006
 0.089000 3.340978868155151 -49.88055432953784 34.559776074392055 156.09183365006254 167.86361773665575 504.30974841180114
 0.090000 3.521552531494087 -49.70861269433468 35.08227511903287 180.4222100786073 172.28939414659624 522.3831333505515
 0.091000 3.7014476285349542 -49.53336189873301 35.62062843804394 179.73831185874593 175.62065891121063 538.2255356971478
 0.092000 3.8802060055606375 -49.35513134426796 36.17339955797061 178.59710635358283 178.6210232990394 552.6316224289368
 0.093000 4.057379106710616 -49.17426621057017 36.73912185965417 177.00822791813187 181.2745037030634 565.5713688661488
 0.094000 4.232530720303412 -48.99112594182094 37.316304526833854 174.98404428399877 183.56665674083825 577.0206978981879
 0.095000 4.4049839625809035 -48.80604468350568 37.90345461232624 172.28412475125506 185.52255270209855 586.9775693958187
 0.096000 4.268851408031666 -48.83933805129021 38.25095797943275 169.0987908678837 186.93278817093383 595.4328434844672
 0.097000 4.088726537143356 -48.899238545708876 38.57445918550566 -179.99103012643843 -59.55643773033148 323.3801508556071
 0.098000 3.908895713898044 -48.956546959281 38.89601029601538 -179.7265026383926 -56.97441142980523 321.42759721333937
 0.099000 3.729360262346786 -49.01137148504007 39.2157205905047 -179.43154105013718 -54.49775008510696 319.58775967777194
 0.100000 3.550154205072765 -49.063803455520436 39.53367361455796 -179.10256310935677 -52.11208122625723 317.83138907280215
 0.101000 3.3713152467636047 -49.113921827222775 39.8499268005058 -178.73589645377388 -49.805098257546234 316.13239698968073
 0.102000 3.1928749363804383 -49.16176026449268 40.16445538664747 -178.33772386845155 -47.531709897291336 314.408679967067
 0.103000 3.0148683168204125 -49.20735357295633 40.4772320679596 -177.9045531566932 -45.29306049882405 312.6576943889106
 0.104000 2.837330267314887 -49.250733167409344 40.78822203206961 -177.4365499256901 -43.085775399731205 310.8719399253556
