0.0 0.104 1.0
Linear 2 explicit
 0.000000 632.8220814042869 1.7343558371914263
 0.001000 0.0 20.282830379818428
 0.002000 0.0 20.138161356885952
 0.003000 0.0 19.971789331543356
 0.004000 0.0 19.787606556284867
 0.005000 0.0 19.58032941876123
 0.006000 0.0 19.352590683521896
 0.007000 0.0 19.109019088743498
 0.008000 0.0 18.862373658669487
 0.009000 0.0 18.627724603844065
 0.010000 0.0 18.40948760006144
 0.011000 0.0 18.18774816080522
 0.012000 0.0 17.91536129353003
 0.013000 0.0 17.535348067425176
 0.014000 0.0 17.011243600590547
 0.015000 0.0 16.350703309164626
 0.016000 0.0 15.603386424610758
 0.017000 0.0 14.832851653713522
 0.018000 0.0 14.08540071741545
 0.019000 0.0 13.374926209453404
 0.020000 0.0 12.689671792639457
 0.021000 0.0 12.006170967602204
 0.022000 0.0 11.302986797432418
 0.023000 0.0 10.569075577869487
 0.024000 0.0 9.804700158271682
 0.025000 0.0 9.018948441791714
 0.026000 0.0 8.225164409476657
 0.027000 0.0 7.437431134963846
 0.028000 0.0 6.669590122332044
 0.029000 0.0 5.936465083291099
 0.030000 0.0 5.25642989391611
 0.031000 0.0 4.655198068632715
 0.032000 0.0 4.169524072654343
 0.033000 0.0 3.846291534290038
 0.034000 0.0 3.730595804116694
 0.035000 0.0 3.8421349848551323
 0.036000 0.0 4.16224738162478
 0.037000 0.0 4.645740335640156
 0.038000 0.0 5.242224428052099
 0.039000 0.0 5.909759024605905
 0.040000 0.0 6.614899607708151
 0.041000 0.0 7.334453430303932
 0.042000 0.0 8.054037536514882
 0.043000 0.0 8.767113788577054
 0.044000 0.0 9.471797664718025
 0.045000 0.0 10.167031700812622
 0.046000 0.0 10.850594374810976
 0.047000 0.0 11.518764127424344
 0.048000 0.0 12.168647037826752
 0.049000 0.0 12.799204713059787
 0.050000 0.0 13.41166226651231
 0.051000 0.0 14.008841081596772
 0.052000 0.0 14.594401289648564
 0.053000 0.0 15.171297899418644
 0.054000 0.0 15.742925397502036
 0.055000 0.0 16.31167892537495
 0.056000 0.0 16.880109412681392
 0.057000 0.0 17.45051302854639
 0.058000 0.0 18.02451000114614
 0.059000 0.0 18.60317862115632
 0.060000 0.0 19.18700496719315
 0.061000 0.0 19.77617723356837
 0.062000 0.0 20.370310611879795
 0.063000 0.0 20.96947059984524
 0.064000 0.0 21.573196649535266
 0.065000 0.0 22.181321205614143
 0.066000 0.0 22.79295085629178
 0.067000 0.0 23.40690967890917
 0.068000 0.0 24.02125837418371
 0.069000 0.0 24.633572976123926
 0.070000 0.0 25.24072530044741
 0.071000 0.0 25.83934321008567
 0.072000 0.0 26.42518719152377
 0.073000 0.0 26.994102061595495
 0.074000 0.0 27.54181583250676
 0.075000 0.0 28.064713080490126
 0.076000 0.0 28.559476433632252
 0.077000 0.0 29.02380622561713
 0.078000 0.0 29.455844114045874
 0.079000 0.0 29.854327155643595
 0.080000 0.0 30.218379115128734
 0.081000 0.0 30.546926688396756
 0.082000 0.0 30.840094015129278
 0.083000 0.0 31.09751152355769
 0.084000 0.0 31.319473168304558
 0.085000 0.0 31.506629874953294
 0.086000 0.0 31.659657746737295
 0.087000 0.0 31.779346311878353
 0.088000 0.0 31.866813057665194
 0.089000 0.0 31.923290390453737
 0.090000 0.0 31.949579831991382
 0.091000 0.0 31.934465075616
 0.092000 0.0 31.89054040631784
 0.093000 0.0 31.819067008448265
 0.094000 0.0 31.721188676456908
 0.095000 0.0 31.598934965980835
 0.096000 0.0 31.454266820527806
 0.097000 0.0 31.60962517844522
 0.098000 0.0 31.78208601808822
 0.099000 0.0 31.935871691282056
 0.100000 0.0 32.06953395986955
 0.101000 0.0 32.183192972329984
 0.102000 0.0 32.279260552946596
 0.103000 0.0 32.36217490021301
 0.104000 0.0 32.43593249154644
