0.0 0.104 1.0
Linear 24 explicit
 0.000000 0.0 0.0 0.0 0.0 0.0 0.0 0.0 0.0 0.0 0.0 0.0 0.0 0.0 0.0 0.0 0.0 0.0 0.0 0.0 0.0 0.0 0.0 0.0 0.0
 0.001000 0.0 0.0 0.0 0.0 0.0 0.0 411.1179601620919 1149.9287717461125 0.0 536.1723464245647 884.0926779551787 0.0 430.0714285714286 430.07142857142867 1003.5000000000001 689.6283988035383 0.6830096216593617 0.5857473476751749 0.10213387511274229 0.38281199836212293 0.0 0.0 0.5033881813275275 0.5091855816998051
 0.002000 0.0 0.0 0.0 0.0 0.0 0.0 380.5412667278777 1123.3511170304228 0.0 528.3996416589077 865.9162154528598 0.0 430.0714285714286 430.0714285714286 1003.5 670.0040937446305 1.9771018482500613 1.6911338304906014 0.2697482591443394 1.094745647398841 0.0 0.0 1.4498238307537246 1.4668471534486023
 0.003000 0.0 0.0 0.0 0.0 0.0 0.0 348.82317896584277 1094.1050904134302 0.0 519.3722659083049 845.7190225854522 0.0 430.0714285714286 430.07142857142856 1003.4999999999999 648.7714999941635 3.6678162845723032 3.399651018160243 0.5160739750388572 2.04088173177529 0.0 0.0 2.774950975981848 2.8233197427880103
 0.004000 0.0 0.0 0.0 0.0 0.0 0.0 315.66818520712326 1064.2168515607184 0.0 510.55729754596507 826.0002060975661 0.0 430.07142857142867 430.0714285714286 1003.5 626.6535971936845 5.990541702177909 5.356549740209686 0.7040982617597711 3.2825641407433275 0.0 0.0 4.441500314741459 4.5114823666279555
 0.005000 0.0 0.0 0.0 0.0 0.0 0.0 281.56583901819357 1033.194777511333 0.0 501.30328900990605 805.71621152089 0.0 430.0714285714286 430.0714285714286 1003.4999999999999 603.293725165995 8.734957583949484 7.6602917240727635 0.871417255279755 4.717615332595294 0.0 0.0 6.394340256068706 6.490219894562654
 0.006000 0.0 0.0 0.0 0.0 0.0 0.0 246.68182929192338 1001.7041968895134 0.0 491.7898269776296 785.0440510607643 0.0 430.0714285714286 430.0714285714286 1003.4999999999999 578.920266298596 11.846875351921772 10.261364719619898 0.9957071492833032 6.3091826146698775 0.0 0.0 8.58909592777446 8.714797505614834
 0.007000 0.0 0.0 0.0 0.0 0.0 0.0 211.70130278177982 970.7760455174497 0.0 482.40856990643874 764.7760890434104 0.0 430.0714285714286 430.07142857142867 1003.4999999999999 553.9935472895897 15.276768809927065 13.114613886802537 1.0578897443569883 8.024445018007851 0.0 0.0 10.985526195529168 11.144626339046697
 0.008000 0.0 0.0 0.0 0.0 0.0 0.0 178.07618828687842 941.3862669025543 0.0 473.61087790543394 746.4111864336807 0.0 430.0714285714286 430.07142857142867 1003.5000000000001 528.8411032592217 18.980315505690726 16.179628881137926 1.042212069129103 9.835142308450065 0.0 0.0 13.547936561099405 13.743686841977002
 0.009000 0.0 0.0 0.0 0.0 0.0 0.0 146.7750425637044 913.6518345167636 0.0 465.5719540496098 730.9755212771269 0.0 430.0714285714286 430.07142857142856 1003.4999999999999 503.2919308769857 22.918439156525846 19.420611461074724 0.9359266500377587 11.717749845599894 0.0 0.0 16.245129458055906 16.480489764887025
 0.010000 0.0 0.0 0.0 0.0 0.0 0.0 116.00711055833412 886.0391291068534 0.0 457.83529790710253 717.0741682589248 0.0 430.07142857142856 430.07142857142856 1003.4999999999998 476.51117894222955 27.055938147969393 22.805055341345263 0.7281632964023593 13.65221351506615 0.0 0.0 19.04914663674005 19.326816525810344
 0.011000 0.0 0.0 0.0 0.0 0.0 0.0 78.91817578548003 855.4681656797516 0.0 449.2973869720457 699.2538742281939 0.0 430.07142857142856 430.07142857142867 1003.5 447.3517994845165 31.358233909322472 26.301048969480117 0.4079575753536373 15.618464766453844 0.0 0.0 21.932475381709526 22.25489702394307
 0.012000 0.0 0.0 0.0 0.0 0.0 0.0 24.308370250156397 818.1645406030216 0.0 438.51675344992657 668.7200142342077 0.0 430.07142857142856 430.0714285714286 1003.4999999999999 415.034656383999 35.7870389689715 29.87398594053864 0.0 17.591358477534524 0.0 0.0 24.864437683702683 25.233746445202964
 0.013000 0.0 0.0 0.0 0.0 0.0 0.0 0.0 771.7388723218966 0.0 424.4317574883556 616.741496332763 0.0 430.0714285714286 430.0714285714286 1003.5 379.7077002820439 40.30939544461798 33.49427896186323 0.0 19.550097975238547 0.0 0.0 27.819048906276432 28.23709500302884
 0.014000 0.0 0.0 0.0 0.0 0.0 0.0 0.0 716.7716845261577 0.0 406.9330811777782 539.5829312352616 0.0 430.0714285714286 430.0714285714286 1003.5000000000002 342.5227063915558 44.894718211844406 37.135540651068325 0.0 21.474329556425463 0.0 0.0 30.77273443249377 31.241047130172568
 0.015000 0.0 0.0 0.0 0.0 0.0 0.0 0.0 657.5553125566486 0.0 387.13047109785623 441.7276558824431 0.0 430.0714285714286 430.07142857142867 1003.5000000000001 305.2295677644059 49.51224132680387 40.77257305757235 0.0 23.341174473016174 0.0 0.0 33.70213734672862 34.221864551730555
 0.016000 0.0 0.0 0.0 0.0 0.0 0.0 0.0 600.8353530759199 0.0 367.0068561352966 335.09409262717065 0.0 430.0714285714286 430.0714285714286 1003.5000000000001 269.51279941720753 54.134382367549804 44.383847760112495 0.0 25.1292297918575 0.0 0.0 36.58687415075218 37.15876978296634
 0.017000 0.0 0.0 0.0 0.0 0.0 0.0 0.0 553.5702933014629 0.0 348.7331383308968 234.13111814065968 0.0 430.0714285714286 430.0714285714286 1003.5000000000001 236.53442264495925 58.73984404395414 47.953563296275675 0.0 26.82264926897223 0.0 0.0 39.41201460208876 40.03647905397423
 0.018000 0.0 0.0 0.0 0.0 0.0 0.0 0.0 520.3890362728871 0.0 333.83962629219764 149.98481862009663 0.0 430.0714285714286 430.07142857142867 1003.4999999999999 206.72188381581367 63.31517841513956 51.472482410997074 0.0 28.413579879458094 0.0 0.0 42.16928745802593 42.84644252524438
 0.019000 0.0 0.0 0.0 0.0 0.0 0.0 0.0 502.20938561422184 0.0 322.73097935960163 86.70930315395282 0.0 415.80441869554693 430.0714285714286 1003.5000000000001 179.9111323134426 67.85165377086521 54.936254859577154 0.0 29.899206744952984 0.0 0.0 44.855192820474514 45.58488300494149
 0.020000 0.0 0.0 0.0 0.0 0.0 0.0 0.0 496.5274788015406 0.0 314.728270396297 41.499882500562016 0.0 374.30455814871544 430.0714285714287 1003.5 155.46405458572784 72.34196242298144 58.34323502063296 0.0 31.278289388678527 0.0 0.0 47.46860560495476 48.25034570397107
 0.021000 0.0 0.0 0.0 0.0 0.0 0.0 0.0 498.94670964935835 0.0 308.543646902028 7.6778117692957055 0.0 334.9545038698478 415.2327369093329 1003.4999999999999 132.5477370020385 76.78136407034265 61.69139027685214 0.0 32.555259090898915 0.0 0.0 50.009568878919104 50.84269733329823
 0.022000 0.0 0.0 0.0 0.0 0.0 0.0 0.0 505.1650053887725 0.0 302.91208631440867 0.0 0.0 295.50229954751705 399.1856025586222 1003.4999999999999 110.37936742634948 81.16976418200694 64.98165501781675 0.0 33.740445309576124 0.0 0.0 52.48168489963457 53.36546189312835
 0.023000 0.0 0.0 0.0 0.0 0.0 0.0 0.0 512.1537602468212 0.0 296.99700679727755 0.0 0.0 254.5205555266868 382.7763999662088 993.2987263983083 88.45846407044563 85.50679885961837 68.21480184815222 0.0 34.843307293984516 0.0 0.0 54.8882300194898 55.821833890654865
 0.024000 0.0 0.0 0.0 0.0 0.0 0.0 0.0 518.6257460532346 0.0 290.5127830739234 0.0 0.0 211.6230562135873 365.8899068731582 936.1534318926389 66.6733569833453 89.78144767911151 71.38723814775298 0.0 35.8607166380071 0.0 0.0 57.226335307084874 58.208582645625945
 0.025000 0.0 0.0 0.0 0.0 0.0 0.0 0.0 524.4733793823235 0.0 283.5423854235881 0.0 0.0 167.2144396679814 348.67190298680543 876.9081034105257 45.203577461974824 93.9844968558051 74.49591931378737 0.0 36.791020228117006 0.0 0.0 59.493829811637944 60.52325406051284
 0.026000 0.0 0.0 0.0 0.0 0.0 0.0 0.0 530.203362121417 0.0 276.33733496296344 0.0 0.0 122.06009399632593 331.36400702259505 816.4456651067089 24.33622480143918 98.10700595216376 77.53788774946554 0.0 37.632203351177466 0.0 0.0 61.688474640961644 62.76335312390851
 0.027000 0.0 0.0 0.0 0.0 0.0 0.0 0.0 536.3282624508223 0.0 269.1202127159906 0.0 0.0 76.92262759765161 314.17393485385963 755.5620235751788 4.328445333839733 102.14069248985939 80.51053889215122 0.0 38.38226263539836 0.0 0.0 63.80824212838445 64.92662728526334
 0.028000 0.0 0.0 0.0 0.0 0.0 0.0 0.0 543.1370414925647 0.0 262.011231175638 0.0 0.0 32.36096755530734 297.2042007737132 694.7786123618276 0.0 106.07933993269694 83.41470428769829 0.0 39.038143119117386 0.0 0.0 65.8531750725454 67.0128489928344
 0.029000 0.0 0.0 0.0 0.0 0.0 0.0 0.0 550.668487517034 0.0 255.0369222466715 0.0 0.0 0.0 280.4659745848364 634.3243204433076 0.0 109.91966287357634 86.25259806353118 0.0 39.599410958711495 0.0 0.0 67.82488031898541 69.02343876250968
 0.030000 0.0 0.0 0.0 0.0 0.0 0.0 0.0 558.8279528757658 0.0 248.1785885922451 0.0 0.0 0.0 263.92991997096055 574.1898973223446 0.0 113.66359210862873 89.0283546841784 0.0 40.071333337591035 0.0 0.0 69.72768227304029 70.96268710491955
 0.031000 0.0 0.0 0.0 0.0 0.0 0.0 0.0 567.4774850095572 0.0 241.41436546819543 0.0 0.0 0.0 247.56319149263905 514.2471585584996 0.0 117.31292935656039 91.74578311821358 0.0 40.4588666434372 0.0 0.0 71.56557900369991 72.83457243105416
 0.032000 0.0 0.0 0.0 0.0 0.0 0.0 0.0 576.4960695380023 0.0 234.73678084748826 0.0 0.0 0.0 231.34010295044794 454.35672089769884 0.0 120.8693241188059 94.40836116676773 0.0 40.76663025951304 0.0 0.0 73.34223402444209 74.64275123262115
 0.033000 0.0 0.0 0.0 0.0 28.379273300352665 0.0 0.0 585.7190944688763 0.0 228.13895671860143 0.0 0.0 0.0 215.24701522728157 394.4579093579439 0.0 124.32837140746 97.01724430833565 0.0 40.992287403705234 0.0 0.0 75.05796106597566 76.38738527817318
 0.034000 0.0 0.0 0.0 0.0 84.25469888929132 0.0 0.0 595.0418657831286 0.0 221.63958776844999 0.0 0.0 0.0 199.27793066717655 334.61179313026827 0.0 127.68004498771138 99.57129430846848 0.0 41.12705549033928 0.0 0.0 76.70985296218548 78.06529718209082
 0.035000 0.0 0.0 0.0 0.0 140.31803788306325 0.0 0.0 604.2998487650165 0.0 215.2425775966556 0.0 0.0 0.0 183.42690409603154 274.99993256879554 0.0 130.9145580678878 102.06901076824069 0.0 41.16229646198115 0.0 0.0 78.29474442249006 79.67309512195992
 0.036000 0.0 0.0 0.0 0.0 196.39783932203517 0.0 0.0 613.4863330831852 0.0 208.98970564696106 0.0 0.0 0.0 167.74592770469172 215.865472465484 0.0 134.02246301119575 104.5086192468851 0.0 41.08960796955567 0.0 0.0 79.8093017789928 81.2072602873452
 0.037000 0.0 0.0 21.784088883532775 0.0 252.2212696491442 0.0 0.0 622.7870720880244 0.0 202.98626824065641 0.0 0.0 0.0 152.33464256992687 157.56261684038827 0.0 136.991450151362 106.8875815146202 0.0 40.89724863922722 0.0 0.0 81.24882498493668 82.66284347202762
 0.038000 0.0 0.0 56.51006415820326 0.0 307.41168942044004 0.0 0.0 632.4579246766317 0.0 197.37469510233396 0.0 0.0 0.0 137.33754428294378 100.55352114110025 0.0 139.80784102610122 109.20281282132659 0.0 40.571792420967654 0.0 0.0 82.6077942570336 84.03406378839206
 0.039000 0.0 0.0 90.73916693740898 0.0 361.5277333057779 0.0 0.0 642.8901080069155 0.0 192.33583933305297 0.0 0.0 0.0 122.90456501319683 45.371280236718704 0.0 142.45894161671984 111.4512026524818 0.0 40.10073552636776 0.0 0.0 83.88087039681409 85.31537687420874
 0.040000 0.0 8.295497758248896 124.22617188899262 0.0 414.0458443674878 0.0 0.0 654.3947876633855 0.0 188.0404293705561 0.0 0.0 0.0 109.12073377795801 0.0 0.0 144.93330923755073 113.62979362160775 0.0 39.472790405895935 0.0 0.0 85.06310328529462 86.50168207601256
 0.041000 0.0 22.40368045242152 156.80710184330252 0.0 464.57418547997133 0.0 0.0 667.1496138611012 0.0 184.58775761760737 0.0 0.0 0.0 96.00983137453252 0.0 0.0 147.22801835300208 115.73822489539354 0.0 38.68783376640854 0.0 0.0 86.15424865047116 87.59281056071083
 0.042000 0.0 37.18150095885661 188.41260791822907 0.0 512.933639243909 0.0 0.0 681.2293932741009 0.0 182.01236523021367 0.0 0.0 0.0 83.55606690742619 0.0 0.0 149.3392423958858 117.77552030051767 0.0 37.74403383411209 0.0 0.0 87.15319187721823 88.58770845052236
 0.043000 0.0 52.63064759801888 219.09796027145083 0.0 559.2040606493141 0.0 0.0 696.6140778004379 0.0 180.2792144887147 0.0 0.0 0.0 71.74955482588392 0.0 0.0 151.26353447700274 119.7405289668912 0.0 36.639775487955156 0.0 0.0 88.05877443342665 89.4852919818571
 0.044000 0.0 68.72218817483372 248.9708044717262 0.0 603.6020705937088 0.0 0.0 713.3034304540238 0.0 179.34223915482167 0.0 0.0 0.0 60.61775507842824 0.0 0.0 152.9977442287895 121.63198105866265 0.0 35.37360563288983 0.0 0.0 88.86979693284648 90.28445054762646
 0.045000 0.0 85.42605216053532 278.09885200288335 0.0 646.2778181954875 0.0 0.0 731.307061590021 0.0 179.16989463631148 0.0 0.0 0.0 50.19948241228027 0.0 0.0 154.53901096038229 123.44850354413553 0.0 33.94419633864768 0.0 0.0 89.5850395286817 90.9840605320856
 0.046000 0.0 102.7408474140073 306.4632060686687 0.0 687.2147760499237 0.0 0.0 750.6867191724148 0.0 179.7718626558831 0.0 0.0 0.0 40.545359656708285 0.0 0.0 155.88480214900605 125.188675505022 0.0 32.35038957544422 0.0 0.0 90.2033149315102 91.58303621900863
 0.047000 0.0 120.71875546192943 333.96460401180804 4.200624639924415 726.2268363834348 0.0 0.0 771.5685643000022 0.0 181.2012136320359 0.0 0.0 0.0 31.68884956110466 0.0 0.0 157.03301087433582 126.85109704223646 0.0 30.591321375037516 0.0 0.0 90.72355117846753 92.08041215919405
 0.048000 0.0 139.40349254814404 360.51505133186015 16.156781977894486 763.1228542527482 0.0 0.0 794.0607863279488 0.0 183.4997345217241 0.0 0.0 0.0 23.660306616328338 0.0 0.0 157.98196166092666 128.43240552191793 0.0 28.668888155758243 0.0 0.0 91.14415404872436 92.4747746519302
 0.049000 0.0 158.87909064699917 386.07636548575937 28.309835062886755 797.8109066245482 0.0 0.0 818.3678576248429 0.0 186.72595588574418 0.0 0.0 0.0 16.482142459045416 0.0 0.0 158.73045579555952 129.92985887050656 0.0 26.584617768138294 0.0 0.0 91.46387812937903 92.76503865820209
 0.050000 0.0 179.17326477968584 410.6894776463242 40.668052918788625 830.3492233205596 0.0 0.0 844.5687834896559 0.0 190.8777393191433 0.0 0.0 0.0 10.147722615441554 0.0 0.0 159.27776117367313 131.34080374044504 0.0 24.34036419044556 0.0 0.0 91.6816631976347 92.9503025463833
 0.051000 0.0 200.28785675880772 434.44396570984827 53.22292019913724 860.9206359604699 0.0 0.0 872.7227397305645 0.0 195.932767697413 0.0 0.0 0.0 4.654015712582598 0.0 0.0 159.62354953070547 132.6626600982587 0.0 21.938258485406152 0.0 0.0 91.79661195403997 93.0298236037671
 0.052000 13.721093121380163 222.17849439592874 457.44626690424025 65.94331597845324 889.7442334956385 0.0 0.0 902.8128353146836 0.0 201.83249110304985 0.0 48.550283424589615 0.0 0.0 0.0 0.0 159.76568178735414 133.8924594642859 0.0 19.37914550923928 0.0 0.0 91.80737931832594 93.00235144723989
 0.053000 50.159271287316976 244.83234003374292 479.76446966289416 78.80356221107724 917.0044588717421 0.0 0.0 934.9274957193511 6.629694725804574 208.5602143064917 0.0 104.57164794917665 0.0 0.0 0.0 0.0 159.69878263647678 135.026621048282 0.0 16.65981085449422 0.0 0.0 91.71123394898312 92.86515070378273
 0.054000 86.93492548587444 268.24548786010143 501.4762617475728 91.77159167204096 942.8696949971546 6.707187824755004 0.0 969.2061852651784 35.539594266608404 216.1040209306325 0.0 161.53229381923975 0.0 0.0 0.0 0.0 159.4130437634232 136.05905950022174 0.0 13.772086554434107 0.0 0.0 91.50249386861628 92.61246148639538
 0.055000 123.97405688590403 292.42643642010785 522.6278064773585 104.82055123657652 967.4647937004881 19.382180157576606 0.0 1005.8101356126682 63.91062863468373 224.47214028091875 0.0 219.5038565753504 0.0 0.0 0.0 0.0 158.89789366035774 136.97915924775583 0.0 10.710560564707976 0.0 0.0 91.17325761574673 92.23641278651432
 0.056000 161.2369087648969 317.3698745784544 543.2780845547967 117.92013068347613 990.9234224584017 31.830840508882137 0.0 1044.8561632865355 91.75618685905737 233.65868406761635 0.0 278.5397917374251 0.0 0.0 0.0 0.0 158.14336815392744 137.77774942440337 0.0 7.468896727525391 0.0 0.0 90.7163909323556 91.72985304723122
 0.057000 198.66605576327447 343.0808103479056 563.4796035277365 131.05100194192315 1013.3742872779586 43.9923552562685 0.0 1086.4695348935047 119.07714340470899 243.66692825256337 0.0 338.68588043415775 0.0 0.0 0.0 0.0 157.1398132941983 138.44558730649155 0.0 4.040956273523418 0.0 0.0 90.12482311468324 91.08568581246016
 0.058000 236.17102981025027 369.5172847751504 583.267865481259 144.17176256706117 1034.932187784457 55.787830347528434 0.0 1130.6714957149122 145.86835671007594 254.4737798568632 19.836927357214712 399.91938420620886 0.0 0.0 0.0 0.0 155.87652071009973 138.97215557829503 0.0 0.4200624166373549 0.0 0.0 89.39057470246836 90.29589076231403
 0.059000 273.6743471372749 396.6493275030103 602.6575661310801 157.25447448127414 1055.6604929056796 67.16328442570372 0.0 1177.4841714999864 172.1082320815354 266.0617361958668 57.26017722961132 462.21148005917416 0.0 0.0 0.0 0.0 154.34218766264004 139.34616694113697 0.0 0.0 0.0 0.0 88.50514802909555 89.35191035206019
 0.060000 311.09023296656306 424.43985176446876 621.6453790052427 170.25707881701535 1075.5934982147387 78.04292106118258 0.0 1226.9280443391947 197.77049511124252 278.41886875369124 94.76521411986809 525.5348868815872 0.0 0.0 0.0 0.0 152.5243304359143 139.5556255438356 0.0 0.0 0.0 0.0 87.45915941792029 88.24426027057987
 0.061000 348.3819871748944 452.8755660070268 640.2139781978015 183.15749916125063 1094.7094610842794 88.38498823396331 0.0 1279.03577883768 222.82991356669558 291.54276859015744 132.28587338434014 589.8789649363224 0.0 0.4028677393562147 0.0 0.0 150.4117510058245 139.58918025218873 0.0 0.0 0.0 0.0 86.24411751674367 86.96434062490775
 0.062000 385.5194360132137 481.91720327827096 658.3308859107159 195.92411820580568 1112.9557150187004 98.1465816750572 0.0 1333.7622415587464 247.26636941280802 305.41341654100853 169.80926941433844 655.1997247132534 0.0 5.582156077434399 0.0 0.0 147.99440960504063 139.43688571499135 0.0 0.0 0.0 0.0 84.85269719136204 85.50468121790638
 0.063000 422.5018492730162 511.5585704980831 675.968367941933 208.54211700384326 1130.270612560421 107.30139526785696 0.0 1391.1345494275677 271.06236321257654 320.03009823281724 207.37723606931303 721.4981208287904 0.0 11.817956921401876 0.0 0.0 145.2632876805202 139.08962654152023 0.0 0.0 0.0 0.0 83.27845199203969 83.85866668678125
 0.064000 459.3167459179499 541.7275402204785 693.0952824456355 220.96848481131795 1134.0 115.80174935515834 0.0 1451.0300338545276 294.21716502101015 335.34529766560473 245.009374495194 788.7002069902172 0.0 19.089325284362364 0.0 0.0 142.2131831653214 138.5402983181821 0.0 0.0 0.0 0.0 81.51746193986693 82.02223416979201
 0.065000 495.9255006145171 572.3800027959887 709.6818343455083 233.17139441188993 1134.0 123.6047154973541 0.0 1513.4069285413673 316.71130217894125 351.33694004752726 282.67636064002096 856.7653512275217 0.0 27.383844290461504 0.0 0.0 138.8409306788353 137.7831748053894 0.0 0.0 0.0 0.0 79.56737084008526 79.99287493255453
 0.066000 532.2578307553586 603.3995527670826 725.6796063035822 245.10119919334406 1134.0 130.67124305907353 24.867152675862837 1578.0336381961442 338.51629409538714 367.92807741022136 320.31379931169283 925.533204702504 0.0 36.64838523905132 0.0 0.0 135.14184433629802 136.81336739372247 0.0 0.0 0.0 0.0 77.42594858029926 77.76810049593395
 0.067000 568.1913899356413 634.6656514024342 741.0314161172989 256.7029474682361 1133.9999999999998 136.95072246164014 89.38789493769609 1644.6977695708433 359.57539311876695 385.04909772345707 357.7710539473551 994.8252542739409 0.0 46.837156386111886 0.0 0.0 131.11014170307956 135.62698068484173 0.0 0.0 0.0 0.0 75.09133509384021 75.3456924052876
 0.068000 603.5649116867824 666.0418703357722 755.6600244303886 267.9214845194507 1134.0 142.40080689615507 153.71400940695756 1713.1462375882993 379.8007276491283 402.6227219048557 394.8615378340484 1064.4097895773286 0.0 57.88994085360392 0.0 0.0 126.74163116604781 134.2215072439167 0.0 0.0 0.0 0.0 72.5631269035221 72.724859854098
 0.069000 638.1996524854962 697.3725041722665 769.4694806109712 278.698007701094 1133.9999999999998 146.98299088451324 217.60070886617038 1783.0812270773458 399.0828105655108 420.55909615052434 431.4032062732558 1134.0001093054777 0.0 69.7303607828974 0.0 0.0 122.03401047441197 132.59607210875248 0.0 0.0 0.0 0.0 69.84263051415141 69.90649385619548
 0.070000 671.8822216888333 728.4843994767451 782.3392157710183 288.9678355462837 1134.0 150.65758741097787 280.76366620416127 1854.1690514919983 417.2820580774532 438.7623627944533 467.2069032904759 1203.2530945002823 0.0 82.27406585461424 0.0 0.0 116.98719336422788 130.75168534793627 0.0 0.0 0.0 0.0 66.93312834454083 66.89343428677202
 0.071000 704.3723144451893 759.2224964843972 794.1335125150912 298.67561913880417 1134.0 153.39476730013158 342.869568682854 1926.1217836320147 434.2279298061161 457.1562229576693 502.08436617731167 1271.8136645672314 0.0 95.43789935673152 0.0 2.515419413372586 111.60359280647256 128.69123416973926 0.0 0.0 0.0 0.0 63.84000823851136 63.69060540704369
 0.072000 735.4117087873102 789.377940814007 804.7008009531613 307.7574864394772 1133.9999999999998 155.1789276258357 403.5941016303165 1998.4894732679797 449.7449667653034 475.62040665983784 535.8599455816714 1339.2185255321424 0.0 109.09986160427799 0.0 24.235003837670053 105.88898473744031 126.42182221458728 0.0 0.0 0.0 0.0 60.57218051354633 60.306397822087405
 0.073000 764.7112029064684 818.7823019569768 813.8896478574544 316.17362763714186 1134.0 156.0201100960448 462.50619600430764 2070.901487230356 463.6322517551589 494.0660316833458 568.3153699162644 1405.0297122610327 0.0 123.14369239276444 0.0 46.356265541189984 99.85230395029782 123.9530136290204 0.0 0.0 0.0 0.0 57.14120758372046 56.751841692404625
 0.074000 791.9905330670422 847.2230351566653 821.5658316315197 323.8727179065122 1134.0 155.92721057465084 519.1844122514707 2142.863435736314 475.7202428601424 512.362778589259 599.2101877048748 1468.759685509167 0.0 137.43162255555805 0.0 68.68133288406764 93.50591504614536 121.29699548532767 0.0 0.0 0.0 0.0 53.56148319758402 53.04079177688711
 0.075000 816.9885329533581 874.5279776571592 827.6195336865023 330.828327431155 1133.9999999999998 154.93567453630513 573.196949663431 2213.945629669778 485.85586353593067 530.4000764816714 628.2904510679597 1529.9861796719447 0.0 151.83130895065779 0.0 91.02436006445787 86.86581729798313 118.46867327799602 0.0 0.0 0.0 0.0 49.8503485552117 49.19005043378164
 0.076000 839.4800380758303 900.4942541472392 831.9783712194823 336.9929413777555 1134.0 153.0518116588045 624.1457330579858 2283.654376961303 493.9468370293512 548.0391438915079 655.2790782230878 1588.3062540359513 0.0 166.22047966590952 0.0 113.23674094759053 79.95177046089508 115.48573482563135 0.0 0.0 0.0 0.0 46.02815220297796 45.21943409465932
 0.077000 859.2883388911548 924.9758299714541 834.6012376420355 342.3406177589892 1134.0000000000002 150.29333508370354 671.6864752558866 2351.6199949247684 499.9316821317614 565.175138917323 679.922749553258 1643.4312501487798 0.0 180.50196751947175 0.0 135.20843774357405 72.78733588769248 112.36864662442606 0.0 0.0 0.0 0.0 42.118239625679216 41.15176991089505
 0.078000 876.2733362808997 947.8494899613221 835.464530894187 346.8525923702236 1133.9999999999998 146.68023058662317 715.5355540805089 2417.5170253189785 503.77513534917637 581.7144384583598 701.996384658591 1695.1327307434744 0.0 194.59375780524357 0.0 156.85504391212964 65.39984330976266 109.14059451483048 0.0 0.0 0.0 0.0 38.14687972254369 37.01282971757729
 0.079000 890.3500845836621 968.9873953348731 834.573720151203 350.4974881017321 1134.0 142.20851258830794 755.5116178967313 2481.029590285457 505.4897237037496 597.5568162238561 721.3188668552776 1743.218085216799 0.0 208.42727535602327 0.0 178.11977217837668 57.82027696588732 105.8273858441302 0.0 0.0 0.0 0.0 34.1431327665725 32.831205061586886
 0.080000 901.4570105251221 988.2941485635689 831.9481145836044 353.2572336304066 1134.0 136.8846512735771 791.456910168685 2541.9084017950795 505.09767865567494 612.6244787514128 737.7389531514084 1787.5389592888478 0.0 221.94607195540868 0.0 198.9534201147986 50.083350292320965 102.45701295272242 0.0 0.0 0.0 0.0 30.13866431456182 28.63808540412127
 0.081000 909.580942163597 1005.6381339970304 827.6514879334975 355.09270340189585 1134.0 130.70099277709497 823.2820240922846 2599.8436149424865 502.6544834607616 626.8307424567263 751.3096048142656 1827.7605206921291 0.0 235.0579154675196 0.0 219.1660853856223 42.24197782639366 99.04323663511705 0.0 0.0 0.0 0.0 26.16788650250736 24.464910978359235
 0.082000 914.7571525073774 1020.9060955775301 821.7813938753262 355.9706379414942 1133.9999999999998 123.6498832664689 850.9516707838417 2654.574289299509 498.24648607386547 640.0954130023182 762.0975445545946 1863.599304488116 0.0 247.6767285219617 0.0 238.58778442483987 34.35106887245766 95.60201053538502 0.0 0.0 0.0 0.0 22.266787461615337 20.344915665863883
 0.083000 916.9880585354292 1033.997772292253 814.4287230031977 355.86676767495635 1134.0 115.73525612969743 874.3164073355218 2705.8496771140353 491.9344159872463 652.3496528063629 770.090447954327 1894.7882966255497 0.0 259.72890751240914 0.0 257.06758707849707 26.466519171627617 92.15183369845505 3.233194896160387 0.0 0.0 0.0 18.472527302256317 16.31284522812721
 0.084000 916.3291512841478 1044.8149649537577 805.7058420904121 354.7519569863248 1131.9048738652043 106.94956609187014 893.3321679096762 2753.442034385025 483.80848087128265 663.5214296060176 775.3213876137277 1921.094378328735 0.0 271.14606367469895 0.0 274.4730872809609 18.64449871257918 88.71089296070436 9.076228039016984 0.0 0.0 0.0 14.821751335068235 12.403193527911132
 0.085000 912.8368754767171 1053.3099657562218 795.7213523488995 352.60778314829633 1111.6608288217808 97.28100793598743 907.9351652271167 2797.2626291183715 473.94262558956626 673.5848627680118 777.8200864023198 1942.3793555031834 0.0 281.89971553293606 0.0 290.7193374416231 10.94081939039779 85.2997745966882 15.490375549718317 0.0 0.0 0.0 11.351444897121638 8.65124003746303
 0.086000 906.6328016985779 1059.422320279584 784.6105274150152 349.3933205723629 1090.3869730780327 86.68680500582765 918.20159429525 2837.234086799894 462.45001527208666 682.5203614420273 777.7928793831446 1958.4655099497866 0.0 291.9675285080577 0.0 305.68406835707015 3.430019878502842 81.93744290114641 22.50000471736167 0.0 0.0 0.0 8.105707803681844 5.098874280092383
 0.087000 897.820956959077 1063.1583763401327 772.4640311735533 345.1130485909687 1068.2149793886506 75.18305693234605 924.2301483035599 2855.9999999999995 449.4034493113494 690.3438479412857 775.4304980535363 1969.2991035686575 0.0 301.3445634059626 0.0 319.294429786246 0.0 78.6442510190419 30.119533743031567 0.0 0.0 0.0 5.118925667233181 1.7796477688531065
 0.088000 886.5216437972284 1064.5514075979252 759.3687167821142 339.78278095896366 1045.2601804152812 62.79684375109598 926.169514528842 2856.0 434.87632442276015 697.0911572732715 770.9606768166814 1974.8794244499861 0.0 310.0398761269082 0.0 331.4978606381704 0.0 75.43904738331177 38.35630065861102 0.0 0.0 0.0 2.4209240412395427 0.0
 0.089000 872.7939599472403 1063.727415415173 745.3486385299226 333.48614743690536 1021.5528091845298 49.63478016359327 924.0819684592242 2855.9999999999995 418.8944931586254 702.8274932616802 764.3652755477289 1975.4817082305399 0.0 318.1021734628318 0.0 342.4102032848065 0.0 72.36656818557897 47.21255050798029 0.0 0.0 0.0 0.04159678555383464 0.0
 0.090000 854.2721305579494 1063.2998849610515 728.3871853060064 328.0715248496357 994.6578508689224 37.63015117680543 914.0132785710064 2856.0 400.0149805982095 708.1766323533496 745.7447454050422 1980.341594521518 0.0 326.97387099246004 0.0 358.208268666163 0.0 70.36755119389464 56.71856101322789 0.0 0.0 0.0 0.0 0.0
 0.091000 833.2628246958733 1061.1292288749523 710.3749478229313 322.0243046619111 966.8691018171637 25.22546697036117 899.9219081582177 2855.9999999999995 379.7216977827161 712.6215853408277 724.2056545895355 1981.4931397628143 0.0 335.33731246882064 0.0 373.34902600203947 0.0 68.6688765082616 66.87455138300705 0.0 0.0 0.0 0.0 0.0
 0.092000 809.9165309945438 1057.2630961510283 691.3818872605324 315.3760331962313 938.262766866195 12.466504206147418 882.1108067147827 2856.0000000000005 358.1272732271535 716.1720823578074 699.9845908445513 1979.0214529116834 0.0 343.18614186693827 0.0 387.8163803059101 0.0 67.29401729917267 77.67559487657915 0.0 0.0 0.0 0.0 0.0
 0.093000 784.3361666527868 1051.788639505437 671.4473696472949 308.17530845961096 908.8755473336885 0.0 860.7990136854571 2856.0 335.2991386768671 718.8740394740454 673.2845536965023 1973.0515701608138 0.0 350.53337137039915 0.0 401.610815598979 0.0 66.26413296020478 89.1116688870674 0.0 0.0 0.0 0.0 0.0
 0.094000 756.646414212357 1044.7526674131188 650.6166238219481 300.4421816210102 878.7492055121659 0.0 836.2690537059929 2856.0 311.33473638763354 720.7478576582968 644.3294497353057 1963.68598872964 0.0 357.39566280461275 0.0 414.74859408723506 0.0 65.59775615154467 101.16759394066051 0.0 6.5857201855593654 0.0 0.0 0.0
 0.095000 726.9795974955007 1036.2630713064689 628.9372201627534 292.22542971988815 847.9199400467393 0.0 808.8206526976954 2856.0 286.31978762739504 721.8597159990849 613.3863678118202 1951.0998785494821 0.0 363.79897842401124 0.0 427.24571751746413 0.0 65.30334639069744 113.81144276561957 0.0 29.13891668135499 0.0 0.0 0.0
 0.096000 730.9217950404426 1036.1255437031482 627.0374164324681 288.0309787783298 841.5276266325554 0.0 830.6528008835347 2856.0000000000005 288.35498000464435 724.2998253158329 620.8102948568456 1962.800979982478 0.0 369.41338495566805 0.0 438.0425237849018 0.0 69.43655482919894 117.00387734794796 0.0 32.55829310529304 0.0 1.0032654609489222 0.0
 0.097000 737.813278627853 1035.8829685312332 627.0523118490124 283.9543671516988 837.6432547031148 0.0 856.526480842946 2856.0000000000005 292.91262560824674 726.2204529693105 631.5429769217335 1974.935820408629 0.0 374.45179997526645 0.0 447.914697679442 0.0 74.1843731925743 119.03558925304526 0.0 33.61010647631075 0.0 8.38521484132218 2.83920190449595
 0.098000 743.3479654092463 1034.8610772300872 626.4386909559723 279.8095436250849 833.0939442736383 0.0 880.1563988908918 2855.9999999999995 296.4454937713093 727.6339609975555 640.9426404518132 1984.6428037814144 0.0 378.8876151103521 0.0 456.8267917937481 0.0 78.92070634801733 121.11372008957888 0.0 34.710578299819794 0.0 15.74256863593475 10.441302790735117
 0.099000 747.5045336138231 1033.013110468441 625.1840891429196 275.5889615835943 827.8722404375694 0.0 901.4997801491223 2855.9999999999995 298.95463628313354 728.4921250543816 648.9826958003238 1991.8167168126786 0.0 382.6975646820736 0.0 464.7439719639427 0.0 83.65076556686124 123.24342698383033 0.0 35.86181756117607 0.0 23.080209499055982 18.02283846671575
 0.100000 750.2683724425792 1030.3096093951503 623.2554470308428 271.28430142568027 821.9262671280717 0.0 920.5920727990125 2856.0 300.4414650552601 728.7658840951875 655.7030402125026 1996.3939695286372 0.0 385.87756421240266 0.0 471.65343023936254 0.0 88.37902217896583 125.42775883628781 0.0 37.06428858960445 0.0 30.401883987613747 25.58757536351438
 0.101000 751.6647975391211 1026.7972297656427 620.6238723012838 266.8923911288849 815.1879714825062 0.0 937.5837891311099 2855.9999999999995 300.9202229662184 728.5046180330783 661.2543088134461 1998.4774149004127 0.0 388.48368659566745 0.0 477.61007629400194 3.696000738453861 93.10899083176015 127.66902811983663 0.0 38.318209195545016 0.0 37.71034366096577 33.13827276184862
 0.102000 751.8101990939947 1022.5814845670274 617.2802037245696 262.4234338942008 807.5746781240628 0.0 952.8928990725448 2856.0 300.4535854640071 727.8046035512508 665.9795450621602 1998.306121649175 0.0 390.5908979965572 0.0 482.69452165466606 13.397840975049933 97.84005799960994 129.96571475247194 0.0 39.622378158178265 0.0 45.00442962129146 40.673773391459754
 0.103000 750.866257401769 1017.830075476862 613.2318122145601 257.9153924618483 799.0047416126525 0.0 967.0614384257815 2856.0 299.11968656960113 726.8061032969753 670.3133314192758 1996.2254664027332 0.0 392.27892276101875 0.0 486.99505529487794 23.062154803654934 102.571685753584 132.31641793638315 0.0 40.97562818509294 0.0 52.28301702462478 48.19294827702855
 0.104000 748.9740586986512 1012.6776706923513 608.4859974609006 253.39954659199128 789.4083791066855 0.0 980.5745825794634 2856.0000000000005 296.99318778087246 725.6210721696337 674.6288775183784 1992.5248751376907 0.0 393.60937979827156 0.0 490.5865298851626 32.68732011204551 107.30297507589786 134.71940354152787 0.0 42.376659704112456 0.0 59.54464817417728 55.69433354500931
